0
1
2
3
4
5
6
7
8
9
10
11
12
13
14
15
16
17
18
19
20
21
22
23
24
25
26
27
28
29
30
31
32
33
34
35
36
37
38
39
40
41
42
43
44
45
46
47
48
49
50
51
52
53
54
75
77
149
152
284
537
552
557
634
659
758
855
1000
1706
1813
1894
1946
2086
2090
2093
2100
2197
2380
2603
3072
3144
3563
3638
3777
4049
4220
4462
5010
5256
5392
5497
5656
5735
5742
5743
5764
5765
6166
6254
6308
6309
6311
6482
6865
6868
6873
6876
6970
6974
6976
7016
7037
7089
7213
7245
7304
7395
8021
8025
8327
8458
8695
8789
8826
8827
8885
8886
9038
9470
10045
10121
10128
10156
10238
10265
10553
10985
11047
11073
11082
11534
12505
12684
12750
13401
13407
13475
13511
13512
13513
13570
13598
13649
13685
13686
13686
13692
14196
14221
14222
14224
14276
14547
15434
15768
15770
15921
16187
16209
16289
16536
16786
16886
17095
17177
17178
17181
17478
17753
17847
18444
18464
18504
18505
18689
19297
19298
19337
19338
19343
19368
19405
19481
19483
19547
19731
20055
20122
20125
20253
20464
21148
21150
21208
21211
21301
21303
21304
21378
21549
21550
21574
21608
21657
22328
22334
22388
22392
22415
22419
22487
22499
22505
22514
22515
22520
22660
22801
23115
23121
23143
23161
23290
23291
23301
23518
23744
23765
23854
24388
24389
24496
24621
24672
24932
24941
25201
25380
25381
25797
25960
26548
26699
26708
27533
27657
27659
27719
27759
27760
27783
27791
28003
28004
28005
28007
28183
28252
28516
28558
28675
28779
28880
28881
28882
28984
29036
29038
29377
29424
29426
29427
29552
29593
29736
29785
29803
29804
29805
29806
29807
29808
29809
29810
29811
29812
29813
29814
29815
29816
29817
29818
29819
29820
29821
29822
29823
29824
29825
29826
29827
29828
29829
29830
29831
29832
29833
29834
29835
29836
29837
29838
29839
29840
29841
29842
29843
29844
29845
29846
29847
29848
29849
29850
29851
29852
29853
29854
29855
29856
29857
29858
29859
29860
29861
29862
29863
29864
29865
29866
29867
29868
29869
29870
29871
29872
29873
29874
29875
29876
29877
29878
29879
29880
29881
29882
29883
29884
29885
29886
29887
29888
29889
29890
29891
29892
29893
29894
29895
29896
29897
29898
29899
29900
29901
29902
